# Created by Octave 8.2.0, Thu Dec 21 11:37:26 2023 GMT <unknown@CIM-IN-7Y119K3>
# name: ndataseq01060216
# type: matrix
# rows: 1000
# columns: 5
 1 1 1 5341.5424056546599 6444.7398468797201
 1 2 1 4899.8769760372898 5423.7644460745696
 1 3 1 6167.2688785155497 4260.3259567663299
 1 4 1 5221.9953272100902 4176.5725175381704
 1 5 1 5989.5905365810404 4425.4105987411804
 1 6 1 7025.4067409237095 4404.2214471488096
 1 7 1 5256.6640669735198 5638.76298370517
 1 8 1 6643.5387480703303 4349.4696635711098
 1 9 1 4824.7498272189796 5822.9078188432104
 1 10 1 5488.4329786339003 7253.3376856404902
 1 11 1 4499.9177004969697 5180.9991202906604
 1 12 1 5779.3462117129702 4965.6067667531897
 1 13 1 6998.72603923303 4836.0783426150902
 1 14 1 5786.0653406970696 5541.5564877261804
 1 15 1 6529.6514723709797 4510.2862654252103
 1 16 1 7002.6058036980103 4222.55749442874
 1 17 1 6575.0741451493404 5575.4130268413301
 1 18 1 6301.3085594068898 6401.05361210306
 1 19 1 5589.6274541066296 4917.0599995912398
 1 20 1 5745.3459344622597 5476.3604426554703
 1 21 1 6489.7086856626602 6460.1164499053502
 1 22 1 5166.3160426106297 5499.3216066320801
 1 23 1 6058.71109083997 4125.98578701934
 1 24 1 6137.33521955371 5885.98777199291
 1 25 1 6923.3559830733902 6604.3987236059302
 1 26 1 5119.38990755739 4408.4377711341303
 1 27 1 6614.4980809409299 5590.14958750187
 1 28 1 6765.4066594730702 4216.6200008764299
 1 29 1 4381.3376944138599 4818.7644677380304
 1 30 1 6429.4189487661197 6047.19984789919
 1 31 1 4876.1249634384003 4786.1362056089802
 1 32 1 6805.5829331454997 5569.8227609291698
 1 33 1 6764.7176388582702 4977.9213161880798
 1 34 1 5360.9308712993898 5728.8428266033397
 1 35 1 5612.3024298069404 7147.0028133311298
 1 36 1 5399.4582789618098 4886.9293285439999
 1 37 1 6137.4804982356 4510.8673846561296
 1 38 1 6547.4149828165 4475.2276376567197
 1 39 1 5930.3606844568803 6277.6231249742796
 1 40 1 7417.4215917143601 4152.80574830977
 1 41 1 6794.23178174638 4120.6689190738198
 1 42 1 4955.5393950591097 5966.8755690869402
 1 43 1 5243.7928957479699 4844.7560621635603
 1 44 1 7041.9897056127602 5245.9422599524996
 1 45 1 6087.9094995599798 4972.3925693273404
 1 46 1 6987.7446028427203 5627.9346594366898
 1 47 1 5663.7314330519102 4445.0602166913704
 1 48 1 6421.8952081972802 4815.0421983507604
 1 49 1 5952.8476284660901 5103.6819587316104
 1 50 1 6644.5090973058104 4514.97160449283
 1 51 1 6735.9587751379104 4266.0420385185398
 1 52 1 5860.2254842401098 6616.2525722690298
 1 53 1 6290.4334685853601 5226.8577219208501
 1 54 1 5483.4181798181799 4495.0082127328897
 1 55 1 5869.7553111171401 4354.6912466582799
 1 56 1 7144.6988115490003 4522.5063639211303
 1 57 1 5975.7804678400998 5455.9784473624804
 1 58 1 6566.4011283556101 6394.4946659127399
 1 59 1 5964.6288053650496 4586.0083931714798
 1 60 1 6720.0178639019896 5654.3327827795802
 1 61 1 5724.1177491214103 4068.9818085688598
 1 62 1 5249.6856386608597 5217.7672480464898
 1 63 1 5645.7365573507004 4395.2336062030599
 1 64 1 7229.3171569157803 5346.0700725162797
 1 65 1 5579.9337343390398 5798.30315973906
 1 66 1 7827.6921019199499 4334.0436877301599
 1 67 1 4780.2334418726596 4451.1176650899897
 1 68 1 6172.3894531992601 4256.87236339848
 1 69 1 6156.1124793439603 6164.4896157458197
 1 70 1 6021.7162995352401 5969.2754649997596
 1 71 1 7454.0362642895998 5331.70963261615
 1 72 1 4139.2876485758097 4457.4372455448702
 1 73 1 6259.5668613745602 5793.9388906639097
 1 74 1 5722.2466112953498 5968.8447481126605
 1 75 1 4678.5746205038604 5568.0503929268598
 1 76 1 7114.4533252936899 4854.6968025947899
 1 77 1 5690.44873566152 5482.0266377420303
 1 78 1 5469.2428705373704 4170.9180202460702
 1 79 1 5795.1266869157498 5161.7459929181096
 1 80 1 4522.0420777133204 4147.35629557629
 1 81 1 7864.6357219681404 4671.16772658433
 1 82 1 4369.6606816789799 4598.3729655757397
 1 83 1 6742.8958902349596 6729.9638011545103
 1 84 1 6393.5437600366204 5088.6344161771503
 1 85 1 4240.4764583906499 5355.8349484939299
 1 86 1 5708.8185809427696 5383.7994560894904
 1 87 1 5761.4809915165797 5386.5188149372298
 1 88 1 5480.4396560100104 6122.4911562705202
 1 89 1 6838.7399177842199 4000.8520423834698
 1 90 1 6023.6126424610702 4516.6782773475597
 1 91 1 5221.5498061296003 5240.3225422648602
 1 92 1 6140.1158268266499 4271.7181812520303
 1 93 1 7039.4922849832701 5160.19402159327
 1 94 1 7327.43827151395 5291.5742873673698
 1 95 1 5715.8412921368699 4494.5043594021099
 1 96 1 5101.07775459404 5323.5442078553497
 1 97 1 5182.9713864366504 4433.0257564870599
 1 98 1 6803.0871669714797 4372.6408237056703
 1 99 1 5701.5954841668299 5768.4978000774199
 1 100 1 5949.7305378946403 6634.3191613306499
 1 101 1 5738.7147243945901 4648.6326034302301
 1 102 1 5985.3231760333501 5365.8001497739997
 1 103 1 5928.6958432144202 5082.1834987489801
 1 104 1 5849.9401220829805 5973.3438766526397
 1 105 1 5553.0218386361903 6434.9676865889396
 1 106 1 6309.4108535228897 5463.8709693172696
 1 107 1 6211.0627934288204 5260.5139879089402
 1 108 1 5821.6656843029004 4358.0106186953599
 1 109 1 4588.5866233011702 5928.03389028727
 1 110 1 5833.1946573657497 4483.3570861324497
 1 111 1 6089.7786629155798 6514.2456509357899
 1 112 1 4874.1046521725902 4725.1219336939203
 1 113 1 5805.4646364742903 4910.4442591851503
 1 114 1 6841.6817255604401 4875.9930074535096
 1 115 1 6868.8744130695204 4027.7720426472401
 1 116 1 6181.6927249542196 5245.3055188235703
 1 117 1 6431.5934557082001 4691.4373634098602
 1 118 1 6087.6497232175898 5599.8469948352904
 1 119 1 4037.1632305733401 4081.7868254270402
 1 120 1 7448.3916304902996 4011.5214818428599
 1 121 1 5711.3238847522098 5791.7451878616903
 1 122 1 4273.2818621205297 5066.53946513139
 1 123 1 6670.7088863687604 5747.2366508080804
 1 124 1 6816.5833006563098 5596.6656461677603
 1 125 1 5730.8026259715998 5592.7463672055201
 1 126 1 7250.5605143966905 4507.0523966654901
 1 127 1 6965.6555463988998 5203.1628548591198
 1 128 1 6927.5440211351697 5065.79544835056
 1 129 1 6828.5753246347003 4177.0791790027597
 1 130 1 5741.6904736855704 4148.6704260342103
 1 131 1 5082.9424364186598 6900.3958967211202
 1 132 1 5918.6419708656904 4872.3999630169801
 1 133 1 5619.05191495696 5034.2331724720598
 1 134 1 5753.3355479065403 4019.02025813
 1 135 1 5756.7637073739998 5712.0203055660904
 1 136 1 5111.4648200621596 5459.38174781202
 1 137 1 6253.2038077644002 4834.4510668249104
 1 138 1 6887.8627593544397 4785.9356247693804
 1 139 1 5055.4368663843297 7427.9991309895204
 1 140 1 5955.9729830425504 5538.4935892594103
 1 141 1 5187.5205527400003 4704.8429757324102
 1 142 1 5729.8771616546601 5218.93702841711
 1 143 1 6823.6538995395604 5967.4803641794697
 1 144 1 6368.6316365214798 5731.3153345888604
 1 145 1 6510.91662397445 7072.83323978717
 1 146 1 5666.3837473939602 4005.4766803812199
 1 147 1 6517.0814642020096 6445.7153464515104
 1 148 1 5064.9393254836295 4134.7181882222003
 1 149 1 5710.32067030691 6521.7746642853799
 1 150 1 6402.60599646019 5506.6421385392196
 1 151 1 6144.2726265326 4653.3343022626004
 1 152 1 5884.3025869169796 6097.7829391356599
 1 153 1 5704.0755097300098 5272.9630479322896
 1 154 1 6234.1085532773304 7007.9438453406701
 1 155 1 5574.3869101236296 4369.7918485976097
 1 156 1 5304.5230496334098 4236.1632654320001
 1 157 1 5458.5388172295297 5087.8152928607096
 1 158 1 6282.34291845602 5688.9922781278101
 1 159 1 6812.75126086811 6275.1041217013399
 1 160 1 7066.3023080066396 4550.5954066590602
 1 161 1 5385.4613363591197 5930.7396588818001
 1 162 1 4934.0216284994003 5189.2617335820996
 1 163 1 5017.0401614102602 5064.5143861092301
 1 164 1 5751.5480724963099 6007.2384606715004
 1 165 1 5902.0768473682901 4913.0166167465304
 1 166 1 6738.5019329177803 4381.2804708436797
 1 167 1 6394.7771865185996 4425.3538276321597
 1 168 1 6920.5269328134 4573.7511061707601
 1 169 1 5735.7653652314602 6399.4590991627701
 1 170 1 7006.0846818769896 4999.2727137786496
 1 171 1 4970.6316031001197 4610.5300096372503
